Training Metrics Log

Validation Metrics - Epoch 1:
Accuracy: 69.02%
Precision: 0.7276
Recall: 0.6902
F1 Score: 0.6917
mAP: 0.6700
Confusion Matrix:
[[102   0  16   0   1   0   2   0   0   0  15   1]
 [  2  61   0   0   0   0   0   6   0   0   0   0]
 [  1   0  61   1   0   0   1   1   0   0   4   2]
 [  1   0   9  11   1   0   0   0   0   0  13   0]
 [  0   0   0   0   6   0   0   0   0   0   0   0]
 [  0   0   0   0   0   0   0   0   0   0   0   1]
 [  4   0  12   4   0   0  62   0   0   0   5  15]
 [  2   3   0   2   0   0   0  54   0   0   8   0]
 [  3   0   3   0   2   0   1   0   0   0   3   0]
 [  0   0   0   0   0   0   0   0   0   2   1   0]
 [  2   4  59   0   0   0   3   0   0   0  79  10]
 [  0   0   5   2   0   0   0   0   0   0   6  90]]

Validation Metrics - Epoch 2:
Accuracy: 74.90%
Precision: 0.7525
Recall: 0.7490
F1 Score: 0.7406
mAP: 0.7199
Confusion Matrix:
[[112   2   1   0   0   0   3   6   0   0  12   1]
 [  0  65   0   0   0   0   0   4   0   0   0   0]
 [  2   0  31   5   0   0   7   1   0   2  20   3]
 [  2   1   1  21   0   0   0   4   0   0   4   2]
 [  1   1   0   0   3   0   0   0   0   0   1   0]
 [  0   0   0   0   0   0   1   0   0   0   0   0]
 [  3   0   0   3   0   0  87   2   0   3   4   0]
 [  0  19   0   0   0   0   0  50   0   0   0   0]
 [  1   8   0   0   0   0   2   0   0   1   0   0]
 [  0   0   0   0   0   0   0   0   0   3   0   0]
 [  6   2   3   4   0   0  10   7   0   3 113   9]
 [  1   0   1   3   0   0   4   0   0   0   6  88]]

Validation Metrics - Epoch 3:
Accuracy: 71.50%
Precision: 0.7786
Recall: 0.7150
F1 Score: 0.7043
mAP: 0.7567
Confusion Matrix:
[[117   0   0   0   1   0   1   0   1   0  17   0]
 [  0  55   0   0   0   0   0  10   2   1   1   0]
 [  4   0  43   2   0   0   5   2   0   0  14   1]
 [  1   0   0  23   0   0   0   3   0   0   8   0]
 [  1   0   0   0   5   0   0   0   0   0   0   0]
 [  0   0   0   0   0   0   1   0   0   0   0   0]
 [  5   0   2   3   3   0  84   0   0   0   5   0]
 [  1   1   0   0   0   0   0  60   2   0   5   0]
 [  1   0   0   0   0   0   1   0   8   1   1   0]
 [  0   0   0   0   0   0   0   0   0   3   0   0]
 [  9   0   3   2   4   0   8   0   0   0 130   1]
 [  4   0   1  51   3   0   2   0   0   0  23  19]]

Validation Metrics - Epoch 4:
Accuracy: 72.03%
Precision: 0.7568
Recall: 0.7203
F1 Score: 0.7129
mAP: 0.7661
Confusion Matrix:
[[107   6   1   0   2   0   5   1   0   1  14   0]
 [  0  68   0   0   0   0   0   1   0   0   0   0]
 [  2   3  37   0   0   0   7   1   0   0  20   1]
 [  2   4   0  16   0   0   2   6   1   0   3   1]
 [  0   2   0   0   3   0   0   0   0   0   1   0]
 [  0   0   0   0   0   0   0   0   0   0   1   0]
 [  1   0   1   0   0   0  84   0   0   4  12   0]
 [  0  51   0   0   0   0   0  17   1   0   0   0]
 [  0   4   0   0   0   0   0   0   6   0   2   0]
 [  0   0   0   0   0   0   0   0   0   3   0   0]
 [  7   3   5   0   0   0  14   2   0   2 119   5]
 [  2   0   0   0   0   0   9   0   0   0   1  91]]

Validation Metrics - Epoch 5:
Accuracy: 78.56%
Precision: 0.8147
Recall: 0.7856
F1 Score: 0.7865
mAP: 0.8660
Confusion Matrix:
[[113   0   2   5   4   0   3   2   0   0   7   1]
 [  0  37   0   1   4   0   0  25   2   0   0   0]
 [  5   0  49   2   1   1   1   2   0   0   9   1]
 [  2   0   1  24   0   0   0   2   0   0   4   2]
 [  0   0   0   0   6   0   0   0   0   0   0   0]
 [  0   0   0   0   0   1   0   0   0   0   0   0]
 [  0   0   0   1   0   0  92   0   0   1   4   4]
 [  0   0   0   0   1   0   0  67   1   0   0   0]
 [  2   0   0   0   2   0   0   1   6   0   1   0]
 [  0   0   0   0   1   0   0   0   0   2   0   0]
 [ 17   0   5  11   2   0   5   2   0   2 106   7]
 [  0   0   1   2   0   0   2   0   0   0   0  98]]

Validation Metrics - Epoch 6:
Accuracy: 78.43%
Precision: 0.7897
Recall: 0.7843
F1 Score: 0.7762
mAP: 0.8573
Confusion Matrix:
[[119   2   1   1   0   0   1   4   0   0   8   1]
 [  0  62   0   0   0   0   0   7   0   0   0   0]
 [  0   1  55   1   0   1   4   2   0   0   4   3]
 [  2   1   1  16   0   0   0   9   0   0   3   3]
 [  2   0   0   0   4   0   0   0   0   0   0   0]
 [  0   0   0   0   0   1   0   0   0   0   0   0]
 [  5   1   0   2   0   0  89   0   0   0   4   1]
 [  0   1   0   0   0   0   0  67   1   0   0   0]
 [  2   0   0   1   0   0   1   2   5   0   1   0]
 [  0   0   0   0   0   0   0   0   0   3   0   0]
 [ 14   3  22   4   0   0   7   9   0   0  84  14]
 [  2   0   1   2   0   0   1   1   0   0   1  95]]

Validation Metrics - Epoch 7:
Accuracy: 78.69%
Precision: 0.7949
Recall: 0.7869
F1 Score: 0.7813
mAP: 0.8269
Confusion Matrix:
[[121   0   2   0   0   0   2   0   0   0  12   0]
 [  0  65   0   0   0   0   0   2   0   0   2   0]
 [  3   1  47   0   1   1   4   0   0   0  13   1]
 [  1   0   3  12   0   0   2   0   0   0  16   1]
 [  0   0   0   0   6   0   0   0   0   0   0   0]
 [  0   0   0   0   0   1   0   0   0   0   0   0]
 [  0   0   4   0   0   0  89   0   0   0   8   1]
 [  3   6   0   1   2   0   0  50   3   1   3   0]
 [  0   1   0   0   0   0   2   0   4   1   4   0]
 [  0   0   0   0   0   0   0   0   0   2   1   0]
 [ 20   0   9   0   0   0  15   0   0   0 107   6]
 [  2   0   0   0   0   0   1   0   0   0   2  98]]

Validation Metrics - Epoch 8:
Accuracy: 82.75%
Precision: 0.8483
Recall: 0.8275
F1 Score: 0.8295
mAP: 0.9013
Confusion Matrix:
[[ 98   0   2   1   6   0  12   1   0   1  15   1]
 [  0  62   0   0   0   0   0   4   0   3   0   0]
 [  2   0  47   0   0   1   2   0   0   1  16   2]
 [  0   0   2  20   0   0   1   2   0   0   7   3]
 [  0   0   0   0   6   0   0   0   0   0   0   0]
 [  0   0   0   0   0   1   0   0   0   0   0   0]
 [  0   0   0   0   1   0  94   0   0   0   7   0]
 [  0   2   0   0   2   0   0  61   1   3   0   0]
 [  1   1   0   0   0   0   0   0   9   1   0   0]
 [  0   0   0   0   0   0   0   0   0   3   0   0]
 [  6   0   5   1   0   0   6   0   0   1 132   6]
 [  0   0   1   0   0   0   2   0   0   0   0 100]]

Validation Metrics - Epoch 9:
Accuracy: 60.65%
Precision: 0.7600
Recall: 0.6065
F1 Score: 0.5797
mAP: 0.7931
Confusion Matrix:
[[ 44   0   3   8   0   0   0   5   0   0  28  49]
 [  0  20   0   9   0   0   0  40   0   0   0   0]
 [  0   0  39   8   0   0   0   1   0   0  11  12]
 [  0   0   0  24   0   0   0   2   0   0   7   2]
 [  0   0   0   0   4   0   0   0   0   0   2   0]
 [  0   0   0   0   0   1   0   0   0   0   0   0]
 [  0   0   1  17   0   0  27   0   0   0  36  21]
 [  0   0   0   3   0   0   0  65   1   0   0   0]
 [  0   0   0   3   0   0   0   1   5   0   2   1]
 [  0   0   0   0   0   0   0   0   0   1   2   0]
 [  0   0   5   6   0   0   0   1   0   0 135  10]
 [  0   0   0   0   0   0   0   0   0   0   4  99]]

Validation Metrics - Epoch 10:
Accuracy: 84.84%
Precision: 0.8558
Recall: 0.8484
F1 Score: 0.8461
mAP: 0.9311
Confusion Matrix:
[[124   0   2   0   2   0   3   2   0   0   4   0]
 [  0  66   0   0   0   0   0   3   0   0   0   0]
 [  6   0  53   0   2   1   4   1   0   0   4   0]
 [  1   0   1  17   0   0   3   2   0   0   8   3]
 [  1   0   0   0   5   0   0   0   0   0   0   0]
 [  0   0   0   0   0   1   0   0   0   0   0   0]
 [  1   0   0   0   1   0  99   0   0   0   1   0]
 [  0   5   0   1   0   0   0  62   1   0   0   0]
 [  1   0   0   0   2   0   0   0   7   0   2   0]
 [  0   0   0   0   0   0   0   0   0   3   0   0]
 [ 10   0   9   1   0   1  14   2   0   0 118   2]
 [  0   0   2   0   0   0   3   0   0   0   4  94]]

