Training Metrics Log

Validation Metrics - Epoch 1:
Accuracy: 79.74%
Precision: 0.8243
Recall: 0.7974
F1 Score: 0.7967
mAP: 0.9212
Confusion Matrix:
[[116   1   6   0   2   0   1   2   0   0   9   0]
 [  0  61   0   0   1   0   0   7   0   0   0   0]
 [  5   0  61   1   1   0   2   0   0   0   1   0]
 [  4   0   6  20   0   0   0   1   0   0   2   2]
 [  0   0   0   0   6   0   0   0   0   0   0   0]
 [  0   0   0   0   0   0   0   0   0   0   0   1]
 [  5   0   2   1   1   0  81   0   0   0   8   4]
 [  0   3   0   0   0   0   0  66   0   0   0   0]
 [  1   0   0   0   7   0   0   1   2   0   1   0]
 [  0   0   0   0   0   0   0   0   0   3   0   0]
 [ 10   1  37   2   0   0   6   0   0   0  98   3]
 [  1   0   4   0   0   0   0   0   0   0   2  96]]

Validation Metrics - Epoch 2:
Accuracy: 87.32%
Precision: 0.8781
Recall: 0.8732
F1 Score: 0.8741
mAP: 0.9485
Confusion Matrix:
[[121   0   0   1   0   0   0   3   0   0  12   0]
 [  1  60   0   0   0   0   0   8   0   0   0   0]
 [  1   0  59   1   1   0   1   0   1   0   6   1]
 [  1   1   1  29   0   0   0   0   0   0   3   0]
 [  0   0   0   0   6   0   0   0   0   0   0   0]
 [  0   0   0   0   0   1   0   0   0   0   0   0]
 [  2   0   0   3   1   0  92   0   0   1   2   1]
 [  0   1   0   0   0   0   0  67   1   0   0   0]
 [  0   0   0   0   3   0   0   0   9   0   0   0]
 [  0   0   0   0   0   0   0   0   0   3   0   0]
 [  7   0  12   4   0   0   7   1   0   0 125   1]
 [  1   0   1   2   0   0   1   0   0   0   2  96]]

Validation Metrics - Epoch 3:
Accuracy: 87.58%
Precision: 0.8802
Recall: 0.8758
F1 Score: 0.8752
mAP: 0.9329
Confusion Matrix:
[[125   0   1   0   0   0   2   1   0   0   7   1]
 [  0  64   0   0   1   0   0   1   3   0   0   0]
 [  2   0  53   0   1   1   2   0   0   1   9   2]
 [  3   1   3  22   0   0   2   0   0   0   3   1]
 [  0   0   0   0   6   0   0   0   0   0   0   0]
 [  0   0   0   0   0   1   0   0   0   0   0   0]
 [  0   0   1   0   0   0  93   0   0   1   4   3]
 [  0   1   0   0   1   0   0  64   3   0   0   0]
 [  1   1   0   0   0   0   0   0  10   0   0   0]
 [  0   0   0   0   0   0   0   0   0   3   0   0]
 [  8   0   8   1   0   0   7   0   0   0 129   4]
 [  0   0   1   0   0   0   2   0   0   0   0 100]]

Validation Metrics - Epoch 4:
Accuracy: 84.71%
Precision: 0.8620
Recall: 0.8471
F1 Score: 0.8465
mAP: 0.9382
Confusion Matrix:
[[112   0   0   0   3   0   1   2   0   0  17   2]
 [  0  60   0   0   0   0   0   9   0   0   0   0]
 [  1   0  47   0   1   1   3   1   0   0  13   4]
 [  1   0   0  25   0   0   0   1   0   0   7   1]
 [  0   0   0   0   6   0   0   0   0   0   0   0]
 [  0   0   0   0   0   1   0   0   0   0   0   0]
 [  5   0   0   0   1   0  79   0   0   0  11   6]
 [  0   1   0   0   0   0   0  67   1   0   0   0]
 [  1   1   0   0   1   0   0   2   7   0   0   0]
 [  0   0   0   0   0   0   0   0   0   3   0   0]
 [  3   0   2   2   0   0   4   0   0   0 142   4]
 [  1   0   0   2   0   0   0   0   0   0   1  99]]

Validation Metrics - Epoch 5:
Accuracy: 86.93%
Precision: 0.8772
Recall: 0.8693
F1 Score: 0.8700
mAP: 0.9023
Confusion Matrix:
[[127   0   2   0   0   0   1   1   0   0   6   0]
 [  0  67   0   0   0   0   0   0   1   0   1   0]
 [  0   0  59   0   1   0   5   0   0   0   5   1]
 [  1   0   2  28   0   1   0   0   0   0   3   0]
 [  2   0   0   0   4   0   0   0   0   0   0   0]
 [  0   0   0   0   0   1   0   0   0   0   0   0]
 [  4   0   0   0   0   0  95   0   0   0   3   0]
 [  0   6   0   0   0   0   0  62   1   0   0   0]
 [  1   1   0   0   0   0   0   0  10   0   0   0]
 [  0   0   0   0   0   0   0   0   0   3   0   0]
 [  4   1  10   1   0   0  13   0   0   1 126   1]
 [  0   0   6   4   0   0  10   0   0   0   0  83]]

Validation Metrics - Epoch 6:
Accuracy: 88.63%
Precision: 0.8894
Recall: 0.8863
F1 Score: 0.8868
mAP: 0.9450
Confusion Matrix:
[[123   0   2   0   0   0   0   1   0   0  11   0]
 [  0  66   0   0   0   0   0   3   0   0   0   0]
 [  3   0  58   2   1   1   1   1   0   0   3   1]
 [  0   0   3  30   0   0   0   0   0   0   2   0]
 [  1   0   0   0   5   0   0   0   0   0   0   0]
 [  0   0   0   0   0   1   0   0   0   0   0   0]
 [  4   0   2   1   0   0  90   0   0   0   2   3]
 [  0   1   0   0   0   0   0  68   0   0   0   0]
 [  1   0   0   1   0   0   0   0  10   0   0   0]
 [  0   0   0   0   0   0   0   0   0   3   0   0]
 [  7   0   7   7   0   0   4   0   0   1 128   3]
 [  3   0   1   1   0   0   1   0   0   0   1  96]]

Validation Metrics - Epoch 7:
Accuracy: 88.76%
Precision: 0.8902
Recall: 0.8876
F1 Score: 0.8860
mAP: 0.9326
Confusion Matrix:
[[131   0   0   0   0   0   0   0   0   0   6   0]
 [  0  65   0   0   0   0   0   4   0   0   0   0]
 [  1   1  50   0   1   0   2   0   1   0  10   5]
 [  1   1   0  28   0   0   0   0   0   0   5   0]
 [  1   0   0   0   5   0   0   0   0   0   0   0]
 [  0   0   0   0   0   1   0   0   0   0   0   0]
 [  2   0   0   0   0   0  96   0   1   0   2   1]
 [  1   1   0   0   0   0   0  66   1   0   0   0]
 [  1   0   0   0   0   0   0   0  11   0   0   0]
 [  0   0   0   0   0   0   0   0   0   3   0   0]
 [  8   0   3   3   0   1  10   0   0   0 123   9]
 [  1   0   0   1   0   1   0   0   0   0   0 100]]

Validation Metrics - Epoch 8:
Accuracy: 88.24%
Precision: 0.8854
Recall: 0.8824
F1 Score: 0.8830
mAP: 0.9315
Confusion Matrix:
[[117   0   1   4   0   0   2   1   0   0  12   0]
 [  0  67   0   0   0   0   0   1   1   0   0   0]
 [  1   0  59   0   1   0   2   0   0   0   7   1]
 [  0   0   1  27   0   0   0   1   0   0   6   0]
 [  1   0   0   0   4   0   0   0   0   0   1   0]
 [  0   0   0   0   0   1   0   0   0   0   0   0]
 [  0   0   1   0   0   0  94   0   0   0   6   1]
 [  1   4   0   0   0   0   0  62   1   0   1   0]
 [  1   1   0   0   0   0   0   0   9   0   1   0]
 [  0   0   0   0   0   0   0   0   0   3   0   0]
 [  3   0   9   3   0   0   3   0   0   0 136   3]
 [  0   0   1   3   0   0   3   0   0   0   0  96]]

Validation Metrics - Epoch 9:
Accuracy: 86.54%
Precision: 0.8706
Recall: 0.8654
F1 Score: 0.8639
mAP: 0.9149
Confusion Matrix:
[[131   0   1   0   1   0   0   2   0   0   2   0]
 [  2  64   0   0   0   0   0   1   1   1   0   0]
 [  4   1  57   1   1   0   0   0   0   0   6   1]
 [  1   1   1  25   0   0   0   0   0   0   6   1]
 [  0   1   0   0   5   0   0   0   0   0   0   0]
 [  0   0   0   0   0   1   0   0   0   0   0   0]
 [  0   1   1   3   1   0  90   0   0   0   4   2]
 [  0   3   0   0   0   0   0  64   1   0   1   0]
 [  2   0   0   0   0   0   1   0   9   0   0   0]
 [  0   0   0   0   0   0   0   0   0   3   0   0]
 [ 31   0   6   3   0   0   2   0   0   0 111   4]
 [  0   0   0   1   0   0   0   0   0   0   0 102]]

Validation Metrics - Epoch 10:
Accuracy: 85.88%
Precision: 0.8658
Recall: 0.8588
F1 Score: 0.8593
mAP: 0.9342
Confusion Matrix:
[[124   1   0   0   1   0   2   3   0   0   6   0]
 [  0  64   0   0   0   0   0   5   0   0   0   0]
 [  4   0  52   0   2   0   6   0   0   0   7   0]
 [  1   0   0  28   0   0   1   2   0   0   3   0]
 [  0   1   0   0   5   0   0   0   0   0   0   0]
 [  0   0   0   0   0   1   0   0   0   0   0   0]
 [  2   0   2   1   1   0  93   0   0   0   2   1]
 [  0   3   0   0   0   0   0  65   1   0   0   0]
 [  0   1   0   0   1   0   0   0   9   0   1   0]
 [  0   0   0   0   0   0   0   0   0   3   0   0]
 [  3   0  10   5   2   0  19   1   0   0 116   1]
 [  1   0   0   3   0   0   2   0   0   0   0  97]]

