Training Metrics Log

Validation Metrics - Epoch 1:
Accuracy: 59.48%
Precision: 0.5649
Recall: 0.5948
F1 Score: 0.5679
mAP: 0.4197
Confusion Matrix:
[[101   2   0   1   1   0   5   1   0   0  17   9]
 [  5  43   0   0   0   0   1  16   0   0   4   0]
 [  3   0  20   0   0   0   5   0   0   0  35   8]
 [  2   2   1   0   1   0   2   4   0   0   8  15]
 [  3   0   0   0   0   0   2   0   0   0   1   0]
 [  0   0   0   0   0   0   0   0   0   0   0   1]
 [ 14   0   1   0   0   0  68   0   0   0   9  10]
 [  2  12   0   0   1   0   0  52   0   0   2   0]
 [  0   1   0   0   0   0   4   2   0   0   5   0]
 [  0   0   0   0   0   0   1   0   0   0   2   0]
 [ 24   1   7   0   0   0  10   0   0   0 102  13]
 [  9   0   0   0   0   0   7   0   0   0  18  69]]

Validation Metrics - Epoch 2:
Accuracy: 69.54%
Precision: 0.6515
Recall: 0.6954
F1 Score: 0.6666
mAP: 0.6343
Confusion Matrix:
[[119   0   0   0   0   0   2   1   0   0  15   0]
 [  1  61   0   0   0   0   0   7   0   0   0   0]
 [  2   0  36   0   0   0   6   1   0   0  25   1]
 [  3   1   2   0   0   0   0   7   0   0   8  14]
 [  6   0   0   0   0   0   0   0   0   0   0   0]
 [  0   0   0   0   0   0   0   0   0   0   0   1]
 [ 11   0   0   0   0   0  76   0   0   0  11   4]
 [  0  14   0   0   0   0   0  55   0   0   0   0]
 [  2   2   0   0   0   0   2   5   0   0   1   0]
 [  0   0   0   0   0   0   1   0   0   0   2   0]
 [ 26   2   6   0   0   0  11   1   0   0 104   7]
 [  5   0   0   0   0   0   1   0   0   0  16  81]]

Validation Metrics - Epoch 3:
Accuracy: 75.16%
Precision: 0.7450
Recall: 0.7516
F1 Score: 0.7259
mAP: 0.7471
Confusion Matrix:
[[113   0   2   0   0   0   3   3   0   0  16   0]
 [  0  60   0   0   1   0   0   8   0   0   0   0]
 [  2   0  45   0   0   0   5   1   0   0  17   1]
 [  3   0   3   2   0   0   0   5   0   0   6  16]
 [  4   0   0   0   1   0   0   0   0   0   1   0]
 [  0   0   0   0   0   0   0   0   0   0   0   1]
 [  5   0   2   0   0   0  85   0   0   0   6   4]
 [  0   2   0   0   0   0   0  67   0   0   0   0]
 [  1   2   0   0   0   0   3   5   0   0   1   0]
 [  0   0   0   0   0   0   1   0   0   0   2   0]
 [ 16   2  13   0   0   0  12   0   0   0 108   6]
 [  2   0   1   0   0   0   2   0   0   0   4  94]]

Validation Metrics - Epoch 4:
Accuracy: 78.04%
Precision: 0.7772
Recall: 0.7804
F1 Score: 0.7591
mAP: 0.8190
Confusion Matrix:
[[112   0   2   0   0   0   3   1   0   0  19   0]
 [  0  65   0   0   1   0   0   3   0   0   0   0]
 [  1   0  49   0   0   0   5   1   0   0  14   1]
 [  2   0   4   3   0   0   0   4   0   0   7  15]
 [  2   0   0   0   3   0   0   0   0   0   1   0]
 [  0   0   0   0   0   0   1   0   0   0   0   0]
 [  4   0   1   0   0   0  87   0   0   0   6   4]
 [  0   6   0   0   0   0   0  63   0   0   0   0]
 [  1   5   0   0   1   0   3   2   0   0   0   0]
 [  0   0   0   0   0   0   1   0   0   2   0   0]
 [  5   2  14   0   0   0  13   0   0   0 116   7]
 [  2   0   1   0   0   0   1   0   0   0   2  97]]

Validation Metrics - Epoch 5:
Accuracy: 80.26%
Precision: 0.7914
Recall: 0.8026
F1 Score: 0.7906
mAP: 0.8989
Confusion Matrix:
[[118   0   2   0   0   0   2   1   0   0  14   0]
 [  0  61   0   0   1   0   0   7   0   0   0   0]
 [  3   0  52   0   0   0   5   0   0   0  10   1]
 [  2   0   3  14   0   0   0   5   0   0   4   7]
 [  2   0   0   0   4   0   0   0   0   0   0   0]
 [  0   0   0   0   0   0   0   0   0   0   0   1]
 [  5   0   1   1   0   0  87   0   0   0   4   4]
 [  0   0   0   0   0   0   0  69   0   0   0   0]
 [  2   5   0   0   2   0   2   1   0   0   0   0]
 [  0   0   0   0   0   0   1   0   0   2   0   0]
 [ 11   2  14   0   0   0  12   0   0   1 111   6]
 [  2   0   1   0   0   0   1   0   0   0   3  96]]

Validation Metrics - Epoch 6:
Accuracy: 84.05%
Precision: 0.8272
Recall: 0.8405
F1 Score: 0.8309
mAP: 0.9173
Confusion Matrix:
[[120   0   2   0   0   0   2   1   0   0  12   0]
 [  0  69   0   0   0   0   0   0   0   0   0   0]
 [  2   0  54   1   0   0   2   0   0   0  10   2]
 [  2   0   1  20   0   0   0   5   0   0   3   4]
 [  1   0   0   0   5   0   0   0   0   0   0   0]
 [  0   0   0   0   0   0   0   0   0   0   0   1]
 [  3   0   1   1   1   0  87   0   0   0   6   3]
 [  0   3   0   0   0   0   0  66   0   0   0   0]
 [  1   5   0   0   3   0   2   1   0   0   0   0]
 [  0   0   0   0   0   0   0   0   0   3   0   0]
 [ 12   2   9   0   0   0   6   0   0   0 121   7]
 [  2   0   1   0   0   0   1   0   0   0   1  98]]

Validation Metrics - Epoch 7:
Accuracy: 84.71%
Precision: 0.8325
Recall: 0.8471
F1 Score: 0.8386
mAP: 0.9340
Confusion Matrix:
[[119   0   2   0   0   0   1   1   0   0  13   1]
 [  0  65   0   0   0   0   0   4   0   0   0   0]
 [  1   0  56   1   0   0   2   0   0   0   9   2]
 [  1   0   1  28   0   0   0   1   0   0   3   1]
 [  1   0   0   0   5   0   0   0   0   0   0   0]
 [  0   0   0   0   0   0   1   0   0   0   0   0]
 [  3   0   1   1   1   0  89   0   0   0   3   4]
 [  0   0   0   0   0   0   0  69   0   0   0   0]
 [  1   5   0   0   3   0   2   1   0   0   0   0]
 [  0   0   0   0   0   0   0   0   0   3   0   0]
 [ 11   2  10   3   1   0  10   0   0   0 115   5]
 [  1   0   1   0   0   0   1   0   0   0   1  99]]

Validation Metrics - Epoch 8:
Accuracy: 85.88%
Precision: 0.8626
Recall: 0.8588
F1 Score: 0.8535
mAP: 0.9416
Confusion Matrix:
[[121   0   1   0   0   0   0   1   0   0  13   1]
 [  0  63   0   0   0   0   0   6   0   0   0   0]
 [  1   0  56   1   0   0   2   0   0   0   9   2]
 [  2   0   1  27   0   0   0   1   0   0   4   0]
 [  1   0   0   0   5   0   0   0   0   0   0   0]
 [  0   0   0   0   0   0   1   0   0   0   0   0]
 [  3   0   1   1   1   0  91   0   0   0   3   2]
 [  0   0   0   0   1   0   0  68   0   0   0   0]
 [  2   2   0   0   4   0   2   1   1   0   0   0]
 [  0   0   0   0   0   0   0   0   0   3   0   0]
 [ 10   1  10   2   1   0   7   0   0   0 123   3]
 [  1   0   1   0   0   0   1   0   0   0   1  99]]

Validation Metrics - Epoch 9:
Accuracy: 87.06%
Precision: 0.8725
Recall: 0.8706
F1 Score: 0.8655
mAP: 0.9461
Confusion Matrix:
[[122   0   1   0   0   0   0   1   0   0  12   1]
 [  0  65   0   0   0   0   0   4   0   0   0   0]
 [  2   0  59   1   0   0   1   0   0   0   6   2]
 [  2   0   1  27   0   0   0   1   0   0   4   0]
 [  0   0   0   0   6   0   0   0   0   0   0   0]
 [  0   0   0   0   0   0   0   0   0   0   0   1]
 [  2   0   1   1   1   0  92   0   0   0   3   2]
 [  0   1   0   0   0   0   0  68   0   0   0   0]
 [  0   5   0   0   3   0   2   0   2   0   0   0]
 [  0   0   0   0   0   0   0   0   0   3   0   0]
 [ 10   1  12   1   1   0   6   0   0   0 121   5]
 [  1   0   1   0   0   0   0   0   0   0   0 101]]

Validation Metrics - Epoch 10:
Accuracy: 87.06%
Precision: 0.8714
Recall: 0.8706
F1 Score: 0.8665
mAP: 0.9483
Confusion Matrix:
[[121   0   0   0   0   0   1   1   0   0  13   1]
 [  0  65   0   0   0   0   0   4   0   0   0   0]
 [  2   0  57   1   0   0   1   0   0   0   8   2]
 [  2   0   0  30   0   0   0   0   0   0   3   0]
 [  1   0   0   0   5   0   0   0   0   0   0   0]
 [  0   0   0   0   0   0   1   0   0   0   0   0]
 [  1   0   1   1   1   0  93   0   0   0   3   2]
 [  0   0   0   0   1   0   0  68   0   0   0   0]
 [  1   4   0   0   2   0   2   0   3   0   0   0]
 [  0   0   0   0   0   0   0   0   0   3   0   0]
 [ 13   1   8   2   1   0   7   0   0   0 120   5]
 [  1   0   1   0   0   0   0   0   0   0   0 101]]

